22
1 5 00:03 0 1 480 1020
2 3 00:02 0 1 480 1020
8 6 00:04 0 2 480 1020
9 4 00:03 0 2 480 1020
12 15 00:05 0 2 480 1020
13 3 00:02 0 2 480 1020
15 3 00:03 0 1 480 1020
16 4 00:03 0 2 480 1020
17 4 00:04 0 1 480 1020
21 7 00:03 0 2 480 1020
22 5 00:02 0 2 480 1020
23 8 00:02 0 1 480 1020
24 6 00:02 0 1 480 1020
25 20 00:02 0 1 480 1020
27 5 00:03 0 1 480 1020
34 7 00:03 0 1 480 1020
35 5 00:03 0 1 480 1020
38 6 00:03 0 2 480 1020
39 20 00:04 0 2 480 1020
42 6 00:02 0 2 480 1020
43 10 00:07 0 1 480 1020
45 6 00:04 0 2 480 1020

480 1020