21
1 5 00:03 0 1 480 1020
2 3 00:02 0 1 480 1020
12 15 00:05 0 2 480 1020
13 3 00:02 0 2 480 1020
15 3 00:03 0 1 480 1020
16 4 00:03 0 2 480 1020
17 4 00:04 0 1 480 1020
18 12 00:04 0 1 480 1020
19 6 00:02 0 2 480 1020
23 8 00:02 0 1 480 1020
24 6 00:02 0 1 480 1020
25 20 00:05 0 2 480 1020
27 5 00:03 0 1 480 1020
28 10 00:04 0 1 480 1020
32 12 00:05 0 1 480 1020
34 7 00:03 0 1 480 1020
36 5 00:03 0 2 480 1020
37 12 00:04 0 2 480 1020
46 2 00:03 0 2 480 1020
47 5 00:03 0 2 480 1020
48 4 00:03 0 2 480 1020

480 1020
