40
8 10 00:15 176
3 10 00:15 179
45 10 00:15 133
44 10 00:15 190
34 10 00:15 182
26 10 00:15 143
7 10 00:15 124
47 10 00:15 102
17 10 00:15 117
31 10 00:15 169
25 10 00:15 192
48 10 00:15 172
46 10 00:15 103
30 10 00:15 199
38 10 00:15 158
29 10 00:15 167
1 10 00:15 121
33 10 00:15 128
9 10 00:15 162
43 10 00:15 132 
35 10 00:15 138
22 10 00:15 188
14 10 00:15 136
27 10 00:15 163
36 10 00:15 194
5 10 00:15 118
23 10 00:15 159
12 10 00:15 150
41 10 00:15 125
10 10 00:15 163
32 10 00:15 133
4 10 00:15 121
24 10 00:15 106
40 10 00:15 196
39 10 00:15 121
37 10 00:15 127
28 10 00:15 152
11 10 00:15 131
42 10 00:15 156
2 10 00:15 143